0.000000000000000000e+00 5.029041754899004069e-01
2.020202020202020166e-01 5.502720147990942667e-01
4.040404040404040331e-01 5.615664557307916693e-01
6.060606060606060774e-01 5.444735713889957696e-01
8.080808080808080662e-01 5.407857863699842005e-01
1.010101010101010166e+00 4.388240209860871932e-01
1.212121212121212155e+00 4.105709487037856875e-01
1.414141414141414144e+00 3.763297519169730987e-01
1.616161616161616132e+00 2.628486494813035423e-01
1.818181818181818121e+00 1.573000036888503872e-01
2.020202020202020332e+00 1.211442515109417972e-01
2.222222222222222321e+00 -2.482866850734924413e-02
2.424242424242424310e+00 -8.222283623195690561e-02
2.626262626262626299e+00 -1.412240758043788458e-01
2.828282828282828287e+00 -2.387146187564397892e-01
3.030303030303030276e+00 -3.238585306953656873e-01
3.232323232323232265e+00 -3.776578355145028820e-01
3.434343434343434254e+00 -4.166862045909801027e-01
3.636363636363636243e+00 -4.222496916404868128e-01
3.838383838383838231e+00 -4.309120809945717334e-01
4.040404040404040664e+00 -4.758434390838957029e-01
4.242424242424242209e+00 -4.178980035196701026e-01
4.444444444444444642e+00 -4.030082079290064900e-01
4.646464646464646187e+00 -3.694508464706474649e-01
4.848484848484848619e+00 -3.107727725265853613e-01
5.050505050505050164e+00 -2.846296985372148702e-01
5.252525252525252597e+00 -2.053635343376915556e-01
5.454545454545454142e+00 -9.874429392053407639e-02
5.656565656565656575e+00 -8.600395188806403413e-02
5.858585858585858119e+00 4.932540244925039813e-02
6.060606060606060552e+00 1.042546246095418239e-01
6.262626262626262097e+00 2.002435108735376168e-01
6.464646464646464530e+00 2.273184227207015184e-01
6.666666666666666963e+00 2.877435896807424287e-01
6.868686868686868507e+00 3.760211293572784941e-01
7.070707070707070940e+00 3.980046415005375482e-01
7.272727272727272485e+00 4.032975155598059747e-01
7.474747474747474918e+00 3.721851501920551142e-01
7.676767676767676463e+00 4.290832969496738425e-01
7.878787878787878896e+00 3.536377328769164663e-01
8.080808080808081328e+00 3.935328986390244088e-01
8.282828282828281985e+00 3.285988497276307596e-01
8.484848484848484418e+00 2.405350622888700329e-01
8.686868686868686851e+00 2.238004921754393195e-01
8.888888888888889284e+00 1.656090861962634941e-01
9.090909090909089940e+00 5.292890984427200962e-02
9.292929292929292373e+00 -2.244200393331235999e-02
9.494949494949494806e+00 -4.462407746971861627e-02
9.696969696969697239e+00 -1.396540170690954152e-01
9.898989898989899672e+00 -2.087133808951245340e-01
1.010101010101010033e+01 -2.481950344429607047e-01
1.030303030303030276e+01 -2.737736881223008512e-01
1.050505050505050519e+01 -3.130503716096820210e-01
1.070707070707070763e+01 -3.621779557498948643e-01
1.090909090909090828e+01 -3.234416691585660919e-01
1.111111111111111072e+01 -3.741443305738407221e-01
1.131313131313131315e+01 -3.331556117207272183e-01
1.151515151515151558e+01 -3.082221156206360058e-01
1.171717171717171624e+01 -3.018162452474849045e-01
1.191919191919191867e+01 -2.653757411599271254e-01
1.212121212121212110e+01 -2.056470280005009976e-01
1.232323232323232354e+01 -1.975263343085369439e-01
1.252525252525252419e+01 -6.869428340444209968e-02
1.272727272727272663e+01 -2.116296970408663991e-02
1.292929292929292906e+01 -1.289474057110921029e-02
1.313131313131313149e+01 7.810419866653421639e-02
1.333333333333333393e+01 1.337350379777907938e-01
1.353535353535353458e+01 1.343932756139813167e-01
1.373737373737373701e+01 2.550827327695479596e-01
1.393939393939393945e+01 2.811342372838045445e-01
1.414141414141414188e+01 2.526301322163982399e-01
1.434343434343434254e+01 3.333285630242369124e-01
1.454545454545454497e+01 2.865824304289302793e-01
1.474747474747474740e+01 2.922121873246618096e-01
1.494949494949494984e+01 3.184149371806402895e-01
1.515151515151515049e+01 2.937771603964531852e-01
1.535353535353535293e+01 2.011010607441458542e-01
1.555555555555555536e+01 1.796813985658111401e-01
1.575757575757575779e+01 1.605907958864068730e-01
1.595959595959595845e+01 1.497779143736540086e-01
1.616161616161616266e+01 9.311852565788486524e-02
1.636363636363636331e+01 -1.919375271194707910e-02
1.656565656565656397e+01 -3.071675913841345057e-02
1.676767676767676818e+01 -9.230666477139014281e-02
1.696969696969696884e+01 -1.390046564204834023e-01
1.717171717171717304e+01 -1.377583310118924709e-01
1.737373737373737370e+01 -2.104898083260330344e-01
1.757575757575757436e+01 -2.283180805608182595e-01
1.777777777777777857e+01 -2.418088254225578271e-01
1.797979797979797922e+01 -2.707699706444828824e-01
1.818181818181817988e+01 -2.528367467788538714e-01
1.838383838383838409e+01 -2.693574647851091353e-01
1.858585858585858475e+01 -2.152776997081121135e-01
1.878787878787878896e+01 -2.019686484628491763e-01
1.898989898989898961e+01 -2.316243239430717527e-01
1.919191919191919027e+01 -1.501184024168097930e-01
1.939393939393939448e+01 -1.546057197231795466e-01
1.959595959595959513e+01 -4.901562496686503317e-02
1.979797979797979934e+01 1.020689880923832116e-03
2.000000000000000000e+01 -1.964085880650352084e-03
