9.146042938302571201e+00
7.405376837278590862e+00
4.605218354707131923e+00
9.830799018405855350e+00
8.262905832335491141e+00
1.157617720192383892e+01
7.777338110554767425e+00
1.405015964384669047e+01
8.405873901376377688e+00
1.268210374038844179e+01
8.538890270002648109e+00
8.043169128794714240e+00
6.721912462849931380e+00
7.234956167200360611e+00
7.738043999485841873e+00
1.013962236323974153e+01
7.988661950000877532e+00
1.456620604963112697e+01
1.314367486922137473e+01
1.006608190404572234e+01
8.946206541748383145e+00
1.364726856296330126e+01
8.325078890707731105e+00
1.042272200047938568e+01
5.830642751723915218e+00
1.147211852583366465e+01
1.616814130648689485e+01
1.025234066738145344e+01
8.760594573889088466e+00
8.021484596106454035e+00
1.230098049304107910e+01
5.976680447484959302e+00
1.141402666683057276e+01
9.101977412512386678e+00
1.425746625383564314e+01
1.030333139870806036e+01
5.801056062236693123e+00
9.034501030247849229e+00
9.040140793213987891e+00
6.801507249544338940e+00
1.188972683002495501e+01
1.156966610892907177e+01
6.303543864734689528e+00
1.086624657067459232e+01
7.467600748316344905e+00
7.014345492619374234e+00
1.148342100758656947e+01
9.668040449361731348e+00
5.613648278220189525e+00
1.230804187532513261e+01
6.921713866988376651e+00
1.242930242570603561e+01
1.139648099061297692e+01
1.050637405887497344e+01
6.680320482275506677e+00
1.135945433297574958e+01
9.188841810918660258e+00
7.102941071495657788e+00
1.697112393773205952e+01
1.261106605486865284e+01
1.270809432708072784e+01
1.138062443868360063e+01
1.091707159433618024e+01
1.824840702825451544e+01
9.591065492740801446e+00
1.007308641800916149e+01
1.221846477217676785e+01
1.132465915166774728e+01
1.182921201859270433e+01
7.698798609339347898e+00
7.447747639461715252e+00
1.730401941210415018e+01
1.579567264914485136e+01
9.760785009803189638e+00
6.377568436108209227e+00
8.601562557701301515e+00
1.059992682763586025e+01
1.355907863628138621e+01
7.428811997301722592e+00
6.777680737325019855e+00
1.285813806387468539e+01
1.107711235020775575e+01
7.871464301431635668e+00
1.269774004703875470e+01
1.409315404286824602e+01
1.699392267802894807e+01
1.134441899174331780e+01
7.792005942772708416e+00
6.024250831657714578e+00
1.024652605869081512e+01
1.244380329988444700e+01
5.642632452361082684e+00
9.546063496821577843e+00
9.425929664518159612e+00
1.391103477018749679e+01
5.335677602510152440e+00
5.433811786118967646e+00
6.817646982831713665e+00
1.131766627381981749e+01
5.579650303048321547e+00
1.217130979761407872e+01
1.238207555570874696e+01
1.084196523920184596e+01
1.185536348587536537e+01
1.168650341681875560e+01
8.188234156231983363e+00
9.105653766370426894e+00
1.260067383139381114e+01
1.400605839356089710e+01
5.861391224815912793e+00
8.613840964666881206e+00
1.400227437836313982e+01
1.357583681837601830e+01
1.495767407468520460e+01
1.697748861114575902e+01
1.217468940815714618e+01
7.613617028881267679e+00
5.281414037440090858e+00
9.631483639808006814e+00
1.669348557490773644e+01
4.467464837761282226e+00
6.174939029397121359e+00
8.327310138402765460e+00
9.614639963840874159e+00
7.213575656888444598e+00
9.256358393990842259e+00
9.477924452439694392e+00
8.281468074521871614e+00
2.170021400225751407e+01
1.027642601967236047e+01
8.000316266881485561e+00
1.494461925718363737e+01
1.365580845525560072e+01
7.716405944255938287e+00
1.330210078172299148e+01
1.275315581951345401e+01
6.471581905113638733e+00
1.239774648072275731e+01
8.187552348012738790e+00
7.594678314135371977e+00
9.357106454680355512e+00
5.622505921934842554e+00
9.251210152155078248e+00
9.932474972591032625e+00
1.897981412902849030e+01
9.479580201184301558e+00
7.862153947194405745e+00
6.062907462763885924e+00
5.395562080188411436e+00
1.299288875175917646e+01
1.036407839525033303e+01
1.171788292795838871e+01
8.198374695509732746e+00
8.039364089687829562e+00
1.329430520593147413e+01
6.818370622512970769e+00
8.550490507998766532e+00
9.095716371193859118e+00
8.098661134471830891e+00
1.497583684110446001e+01
8.397368061967968700e+00
1.694752114267154752e+01
1.789411222880217878e+01
9.947465412342419100e+00
1.206657817179300629e+01
1.179586205293166046e+01
1.037385448071190552e+01
7.892729732781227803e+00
8.085232704140210558e+00
1.122733122548947726e+01
1.369219783437271154e+01
1.457832515112853677e+01
9.720401190413948456e+00
8.838746043149866338e+00
1.341786452210323155e+01
1.028841553761537497e+01
6.247187011868771123e+00
5.217872273181274778e+00
1.084083629093144019e+01
8.863056999026795779e+00
1.189333467089545060e+01
7.448628417796829382e+00
8.495099683250890266e+00
1.345886754726813450e+01
1.275652197636269669e+01
6.230168335067334695e+00
1.228827471027287643e+01
1.752927280308601610e+01
8.236980436715025888e+00
1.092076059651584075e+01
5.822640156270790790e+00
7.801568333249538689e+00
1.546945084337308174e+01
1.015137327129158962e+01
7.682767138368043369e+00
9.398487705279096716e+00
9.913813231770431500e+00
1.173992546379132307e+01
8.554837843437214318e+00
9.694570858204595964e+00
1.623065233062244772e+01
1.067196721569637852e+01
8.287005275687477024e+00
8.931589287262056587e+00
8.761014648522650106e+00
1.105170115579565682e+01
1.547962584750178827e+01
8.772838406263934630e+00
6.973968789099990850e+00
1.169006726748614966e+01
1.506768226157550927e+01
1.730840328682599960e+01
1.174882115540371963e+01
5.261692694612008836e+00
1.018029554752380506e+01
9.334134682921384041e+00
1.093686475214422060e+01
8.918012916554598490e+00
6.425114768344672989e+00
6.003928782931411412e+00
1.195845329967653825e+01
5.970069305076696864e+00
9.631392784521271011e+00
8.800081296103265061e+00
1.070120038655421446e+01
4.692307566761834359e+00
9.794135144039382013e+00
7.088272873069472624e+00
8.545113091255640114e+00
9.027541667958734806e+00
1.325613793366859383e+01
6.214113380706420386e+00
6.076418064346322367e+00
1.225111755083978515e+01
7.718344791778877223e+00
9.684296282305259851e+00
7.031747445730673896e+00
1.071924551417097682e+01
6.943087254342773740e+00
6.677069514587087973e+00
1.455164367235464340e+01
1.029412430505685272e+01
1.094581998850091331e+01
1.190101940661736890e+01
7.219234917028249043e+00
1.040286737622188262e+01
8.882006228297962380e+00
1.282053153626030273e+01
8.548950582820598498e+00
1.639589746163162332e+01
1.084332976039044638e+01
6.885482407515170600e+00
1.350426366291280011e+01
9.356898571372232354e+00
6.576062149378762989e+00
5.841186759916811688e+00
8.837108025291673385e+00
1.548130878391968857e+01
8.646469907692392098e+00
1.184208289821534521e+01
8.852599587618575683e+00
7.072531910622140039e+00
1.034128010172252843e+01
8.692925214040243986e+00
6.238229445621316316e+00
1.054502778504300942e+01
1.573031243561857551e+01
7.254498327034887950e+00
7.634401197076869927e+00
7.735075271610718062e+00
1.131685848984130871e+01
7.498302315574642662e+00
4.156343603462903324e+00
9.303250238500412550e+00
7.641198645541225076e+00
1.474084625417238570e+01
8.471266588223674177e+00
6.751610340886961659e+00
1.143080850097755174e+01
1.250198025458660211e+01
6.532856007592109826e+00
8.664364426725118307e+00
7.338990491661363080e+00
9.024602778012541293e+00
8.914180158109036967e+00
7.599128827484084248e+00
3.686788910910742789e+00
1.162726511546196484e+01
4.921496552479659670e+00
6.686889974568599904e+00
1.273078547393608417e+01
1.072250087631327986e+01
1.224601232486167923e+01
1.267760260069312395e+01
1.315637384043954583e+01
1.091719454747274298e+01
7.749360399574240610e+00
1.261280068895776729e+01
6.076052897802313169e+00
9.808307992274608367e+00
1.654370722587489340e+01
7.501298005346143327e+00
8.780056891334247382e+00
8.396708914276235447e+00
1.327418960364139089e+01
1.146327776243077956e+01
6.681187598873806088e+00
4.741890276880471156e+00
1.681533051436126769e+01
7.607148201371063401e+00
9.027667909922618250e+00
6.099738155846845977e+00
8.408347411072252697e+00
1.423347856535515987e+01
1.176756323486410594e+01
1.080761096412876299e+01
5.903869241153394398e+00
1.056389543675568454e+01
7.124623957838473132e+00
8.012447183178666776e+00
9.114349881397487252e+00
1.047592796018607508e+01
5.741185883647492716e+00
6.067816299505193633e+00
1.193771472911062048e+01
9.270354602950268585e+00
5.873118218767409360e+00
9.896550418588045517e+00
6.990516605035147712e+00
1.135624127201266376e+01
7.555388231633172857e+00
8.406301769101537147e+00
9.817614320470804401e+00
1.112682659639496130e+01
1.197281174038428020e+01
8.949451391120236465e+00
1.000550720007200667e+01
9.748383520127712032e+00
1.021871564477366334e+01
1.685171865131413682e+01
6.191287325669296848e+00
1.729307679617956595e+01
7.224864798007985200e+00
1.166083243707818440e+01
1.501346148533446545e+01
1.211944037384971473e+01
6.694269138182996848e+00
4.542407453714281118e+00
1.164322539145540603e+01
7.446695805996549566e+00
1.165066982181293831e+01
1.220834724548161887e+01
1.418240604205844591e+01
9.008937981583232002e+00
1.485317772005477188e+01
8.939021688293021128e+00
1.284069395952449000e+01
1.463495364570075630e+01
1.159969849222938265e+01
1.055218537996255179e+01
5.590005576275327570e+00
1.068278761105883667e+01
1.748130261673313868e+01
1.528617831070986099e+01
6.000104582570966905e+00
1.023585978668680951e+01
1.450585840488011691e+01
1.230637136802126719e+01
1.240566530554463576e+01
1.385755610338848065e+01
5.089504328469108607e+00
8.951748100587421320e+00
1.167158119142792927e+01
9.550484354311489454e+00
8.149340628786632124e+00
4.951309373055819307e+00
1.278661762873152341e+01
4.095416515025562809e+00
7.354739324215644025e+00
7.485448678607126816e+00
6.111929720383947995e+00
1.254783249482669660e+01
7.850097174082649509e+00
8.516863841052844109e+00
1.447628597127299521e+01
1.464238052939908385e+01
7.735116123512232988e+00
1.217116400327475567e+01
1.021809655611439105e+01
8.597979922563336430e+00
1.460410956995017528e+01
1.142568047300109590e+01
8.284717665558673616e+00
5.532011307503200470e+00
1.089278136078898562e+01
1.148069700748391497e+01
5.521685886690921308e+00
7.494866596903857925e+00
7.415582968635503924e+00
5.078235849636610233e+00
1.289452518538881698e+01
1.287764664332987685e+01
9.225486168766959594e+00
1.651764001425144102e+01
6.532333485061915468e+00
7.423393311279097517e+00
1.092974750331656431e+01
1.575734547351732218e+01
8.010619747968943827e+00
9.876749776515540091e+00
6.769273241739057312e+00
1.275073652557882120e+01
7.337153870008150669e+00
6.549795181731356664e+00
7.129968998518084078e+00
1.579305820672073857e+01
1.300066111674360059e+01
2.331194847521019042e+01
1.257916300691310951e+01
8.614787128273020400e+00
7.588101843819051062e+00
8.553773090408805402e+00
1.458923835349294862e+01
1.201694414799143651e+01
1.577816250908510298e+01
1.750018658948490824e+01
1.144288919577089203e+01
1.167313899939132149e+01
6.580141277574269587e+00
1.167075392662052202e+01
1.280264901563088742e+01
9.440122844309160044e+00
4.262411719634355833e+00
6.217438524944684630e+00
5.559945025097436933e+00
1.314435626957067704e+01
3.286174457506201296e+00
5.505593206778641502e+00
9.893485093022166055e+00
9.605845489991789776e+00
8.434314484508282916e+00
1.094628185365619721e+01
1.371143639297592998e+01
8.846656912396078098e+00
9.259879731999863139e+00
1.237309220453402858e+01
8.461809832188379232e+00
8.109247852425232495e+00
2.222063805399571734e+01
1.211152175605628400e+01
1.832493266871480486e+01
1.057138300404068154e+01
1.284873268568162175e+01
6.819495915195592062e+00
1.253222061969501944e+01
9.132298920544700493e+00
6.192723600861067546e+00
1.332567571294643827e+01
7.631248839286502772e+00
9.276134117363971754e+00
6.281408235390258277e+00
1.219535899531995504e+01
9.701647611134486482e+00
8.047513381199410176e+00
1.543527485398835708e+01
1.072659548133902518e+01
1.003483854646862561e+01
1.227841424148319582e+01
9.052027138552661611e+00
1.262790700287371592e+01
9.886078210988001658e+00
8.167675992395652784e+00
1.023831016890026469e+01
9.886489151221224958e+00
1.045946151290357662e+01
1.158611347117709833e+01
6.004546915908816729e+00
1.158416466468082895e+01
1.138143815426307093e+01
7.760098560385741528e+00
1.122347921034050522e+01
7.739204732205029025e+00
7.198433885370948637e+00
7.981237341148315068e+00
9.471746795475755931e+00
1.226552367351380823e+01
1.443327734996453060e+01
6.182504352832749461e+00
1.129297940102536302e+01
1.359637605718984688e+01
9.106811807788060875e+00
7.545888671728562258e+00
9.819006052593518774e+00
8.296406577669948490e+00
8.114704849397984532e+00
8.940281407437991490e+00
1.157860394339004095e+01
1.890993076798491401e+01
1.469164193848658684e+01
1.151937189980647780e+01
1.070023210440751171e+01
1.101018490545057205e+01
4.915196876633268985e+00
9.274493064376368778e+00
1.518009433656205509e+01
3.884087563709607061e+00
1.005453861416465244e+01
1.234122135858488534e+01
9.897054367477727155e+00
5.387349833364725171e+00
1.153857510613553217e+01
1.467559864553301807e+01
9.286017684515325499e+00
7.636049122257136723e+00
1.086549409069563055e+01
1.413106933121215647e+01
8.999586664114074708e+00
8.075447835207423708e+00
1.164396427866499373e+01
1.186173708060257681e+01
1.630848694983769320e+01
1.063547855650139162e+01
8.831774218867298742e+00
9.171160504810567105e+00
7.383215599938870888e+00
7.373609868872527784e+00
1.123016650400796834e+01
9.338128433480978430e+00
1.404794371014438781e+01
1.212325053773367856e+01
1.263095070484742877e+01
8.336482950293797600e+00
1.009743684317289514e+01
8.861135838581304824e+00
1.234806695706293489e+01
7.829466229541491629e+00
6.967210786896682606e+00
9.977217366941214749e+00
6.126141437572438342e+00
1.255477498442885143e+01
1.039302045534567398e+01
1.156968093723211588e+01
4.800238520495345718e+00
6.111997765127009430e+00
1.754356333682663305e+01
7.154743308899323750e+00
1.171577359682702557e+01
9.631771628051232881e+00
1.117728956725332878e+01
1.046671611140527069e+01
1.014350968505060102e+01
7.215341804028374106e+00
1.266561191999456071e+01
1.825991176225575074e+01
1.059238895946467274e+01
1.349658765795212645e+01
1.284084802745860188e+01
1.307186001797871988e+01
1.942972081732270695e+01
5.585393458901434016e+00
1.627739228099816415e+01
5.104513436671159532e+00
9.864602050026016755e+00
2.084031002823061840e+01
8.080791941180139659e+00
9.051604381777842434e+00
8.380623235415425754e+00
9.173402590861879702e+00
8.325518905591744456e+00
1.448872108684462567e+01
9.304122077255957635e+00
1.245296823773749395e+01
2.132092440087119911e+01
6.251214810152564638e+00
6.178630238760700166e+00
4.496144792924958722e+00
1.372765726077598458e+01
9.332966788141506598e+00
1.045817165184561048e+01
9.877429112347405393e+00
1.039337120231923173e+01
9.523931673531050635e+00
8.744707407103634367e+00
5.322642508282410034e+00
1.179973639434058974e+01
1.527900118266916785e+01
1.022622788304153296e+01
1.100476631468035116e+01
4.384700413663488838e+00
1.367819532530611681e+01
7.482286245543907199e+00
5.383259477774162249e+00
1.276893210042785398e+01
9.756034909546421829e+00
1.421108318537476123e+01
9.428489170276744602e+00
1.113421340913327384e+01
1.038351982398706319e+01
1.231518757023103561e+01
8.900636628919011528e+00
7.333437385660342756e+00
4.152231837085737176e+00
1.022256903655036275e+01
1.279916478398327051e+01
9.607969779476455585e+00
1.036716785863597856e+01
8.954146224860972225e+00
7.499430993324920358e+00
9.548363298916344277e+00
9.940160097226916847e+00
9.562804227885731478e+00
8.185606861743309537e+00
8.167044338359371380e+00
8.014986772401822890e+00
7.631983055238629632e+00
1.752652275186315123e+01
1.138069074998973917e+01
4.064126172104885804e+00
1.248724539587162141e+01
5.432341094620643851e+00
1.260844545021948626e+01
8.855495953057575420e+00
8.849146060251069201e+00
6.203400210038513052e+00
1.179163231063399664e+01
1.286501598058911000e+01
1.153598298621762019e+01
1.193448842185670422e+01
5.549441421333237479e+00
8.497339973678721847e+00
1.410458273045911604e+01
1.085124805712795926e+01
8.787310769594625981e+00
7.390355693788302816e+00
8.322404599404952918e+00
7.947747393213914435e+00
1.153305998898968809e+01
1.815855481083958267e+01
8.960227761536733837e+00
1.108583932638623004e+01
1.243381394802627504e+01
6.810330903819253656e+00
1.131572254626790297e+01
1.327030358678206312e+01
1.116344140891261461e+01
1.408357028882609718e+01
1.035083529451355666e+01
1.061913288075104056e+01
8.592707268325989745e+00
9.560603227411002436e+00
6.858865279439345208e+00
7.441544071055928633e+00
8.725201570057031120e+00
8.631351662393385027e+00
6.531218958361718840e+00
1.154016647357159719e+01
9.580585673748593933e+00
1.417599328240393142e+01
1.107663518132151204e+01
5.382054525804937484e+00
7.875055244205937832e+00
9.689908194473014547e+00
8.946113385114220051e+00
1.401792417942348301e+01
1.121498775754114696e+01
1.303792986489587236e+01
1.563146045676293383e+01
8.787614900559807651e+00
1.053187860843763346e+01
7.767521412508042289e+00
1.069546410448551832e+01
8.728046541055229923e+00
9.863798264181452780e+00
1.141743813737521762e+01
1.005104494661367553e+01
9.631718988629380362e+00
5.180884829737554043e+00
7.583533798050111407e+00
7.319318100786088799e+00
1.019921924885636422e+01
8.675383346750123792e+00
1.501638525036749172e+01
1.738673110861624593e+01
4.410431731548666079e+00
4.659007500248869782e+00
8.001054233102376401e+00
7.618185925247872525e+00
6.417700152842602535e+00
1.420687894607279844e+01
6.340681776776320611e+00
8.147420070705521766e+00
9.196978705977578272e+00
5.801687350747412708e+00
9.585520166410567811e+00
1.368900908128596505e+01
6.723202173062047926e+00
5.501978282771691653e+00
5.542285432556280256e+00
1.101731395231998789e+01
1.368435533026711681e+01
5.314154545687785003e+00
7.187309576550028112e+00
1.158181232329983068e+01
1.272328007084166401e+01
7.450650525451387729e+00
1.274522749766460983e+01
1.115107558132467602e+01
1.449222821246769577e+01
7.866481454593989397e+00
7.352654901355964334e+00
1.910971809868621918e+01
8.008459192657728209e+00
7.567742827388988403e+00
8.402981118680953543e+00
6.782886720153697091e+00
1.463622244861522326e+01
7.438517758311662398e+00
5.778973450626291530e+00
6.525566959812497458e+00
6.691402299181320679e+00
6.379562655273401717e+00
1.242999234308058831e+01
8.651440925731369802e+00
1.523468297007734051e+01
9.748561372073449860e+00
5.082071792134123633e+00
9.626075558576490110e+00
1.919764638810977786e+01
1.016736119477059752e+01
1.081140003361898749e+01
8.258466944868660065e+00
5.391082572891190416e+00
1.029652311951632981e+01
1.474118581289719287e+01
5.710044357844881624e+00
1.223925274261275753e+01
8.355659971775095229e+00
9.476578908712314231e+00
1.349027505486104594e+01
6.494378095775771520e+00
7.575116087038787249e+00
1.065889446650565198e+01
5.289790754194123146e+00
7.637550392039019087e+00
8.261948297377951889e+00
1.005516424257733910e+01
1.387311775356748633e+01
1.052580598777108634e+01
1.066685753182936303e+01
8.926277692022647869e+00
1.119823138500095538e+01
9.143668885296714066e+00
1.222076384018093442e+01
1.403048805930732357e+01
1.028802224372890528e+01
1.283788687179546883e+01
6.810740589942192891e+00
1.385413421362913944e+01
9.621826143239264439e+00
7.703799143980100794e+00
7.594423810481395698e+00
7.951332308757438128e+00
1.607710447149023381e+01
8.670761807360287676e+00
1.810735770314962423e+01
2.012540908210143087e+01
9.725169165825860773e+00
7.927922221294637417e+00
7.831273476321400473e+00
9.772915435604106804e+00
1.285759813355350722e+01
1.305876725052559806e+01
6.350095122353857313e+00
4.132418482078646704e+00
7.621223648986202193e+00
7.590631408586331119e+00
5.693559982916029938e+00
9.405687969748543154e+00
8.780918026145625888e+00
9.976820716434430025e+00
1.236885145484703941e+01
7.739782467166580915e+00
8.427638210881193359e+00
9.121871771739741064e+00
5.268300418242958472e+00
9.759310406876863908e+00
7.369229171824955849e+00
6.667922535871549705e+00
1.002594498249532329e+01
1.103140696920614872e+01
1.338340368016807425e+01
1.391539823025647493e+01
4.682872899933848920e+00
7.341115547782395723e+00
5.849366818552273806e+00
8.287526308265549702e+00
1.134247194811019810e+01
1.427611125999940711e+01
7.642431057300067998e+00
9.140391186536714230e+00
1.182844203683841400e+01
1.229143988819885358e+01
1.000611672256096618e+01
1.562089372430712864e+01
1.285338568187709107e+01
9.747769592032833330e+00
9.781876501026712134e+00
9.182394372292467466e+00
1.176091548397327635e+01
1.091963580516639887e+01
7.916541085959686086e+00
6.087340827556871226e+00
7.984391394758114657e+00
6.944180389497204509e+00
1.547113009898349212e+01
1.857823527276853071e+01
6.972296520183477675e+00
8.476136125800815435e+00
1.090117874357990857e+01
1.216997789303183275e+01
1.252168562062420420e+01
6.848217510473665115e+00
1.058431922369064715e+01
6.662634518922661897e+00
1.012559550912917317e+01
6.606558627607158840e+00
7.387230329310632726e+00
6.814216192891127122e+00
7.503657131043830475e+00
7.457780083789460335e+00
1.108975976564637556e+01
1.789341215001912389e+01
7.560340926391722505e+00
1.218785030151195059e+01
8.973828948701315866e+00
1.302627395093921159e+01
7.825821480824822984e+00
1.316575565333416620e+01
1.164673776624107404e+01
7.524349270869391759e+00
1.394867996285483969e+01
1.520855237881980315e+01
5.471557311176498573e+00
9.856105744030504212e+00
1.217209383279327284e+01
1.098447508228695035e+01
7.087823394202419358e+00
9.693349708287989586e+00
1.168955897324407367e+01
8.639156689429292157e+00
8.256993860940823993e+00
8.744374350663878914e+00
1.414265743137994846e+01
4.087205231793281435e+00
1.045805732957445144e+01
1.039512801199566994e+01
1.028353572536234850e+01
6.273805781407704174e+00
1.091694344080840295e+01
1.120862908244486178e+01
1.948826639318624032e+01
1.183152415364805243e+01
4.693694978337641821e+00
1.028302950508229507e+01
1.326701820381764030e+01
4.852490764567293446e+00
4.841089855399363096e+00
1.210299074691686805e+01
1.546753972966359925e+01
6.583588354724757785e+00
8.230017536646295540e+00
1.373672127454910097e+01
7.471178967694531714e+00
1.054412308142844878e+01
1.076941830831304969e+01
1.452807819748292850e+01
1.452941317743202454e+01
1.399944663720263982e+01
1.179820388059258285e+01
5.740246627738829766e+00
1.554178012498259775e+01
7.780951459010060134e+00
6.619437007799944261e+00
6.219478598287875748e+00
1.883824335451138765e+01
6.789480638240132038e+00
1.080163427013783917e+01
3.502949182501891467e+00
9.424418788074458320e+00
5.803733630316860292e+00
1.035417238164097320e+01
7.877526078898997142e+00
6.723583436070959429e+00
5.510508187948506276e+00
1.583975368553932483e+01
1.095082434676585059e+01
5.923033753703506044e+00
1.145348414889270217e+01
1.536708802137659902e+01
9.964879502064972527e+00
6.807189343762080291e+00
9.243096775517891217e+00
1.123912891291225691e+01
1.060080628506807265e+01
9.587022616797426622e+00
8.972133422074012543e+00
1.470608913979984500e+01
1.167967524500521037e+01
1.008363648497957143e+01
5.690133285637270610e+00
8.865701720633218486e+00
1.012482838364452142e+01
1.053344483334339365e+01
8.770854817897102862e+00
8.016936795834991969e+00
5.476109244590627867e+00
8.648603929818801106e+00
1.058246502310614723e+01
1.333807767644712783e+01
1.210590241673251910e+01
1.175129841134890007e+01
1.101861977883391397e+01
6.492789367866222960e+00
1.424346226222932188e+01
8.678656601987025709e+00
5.669510739011106359e+00
9.429774132113601937e+00
6.236657737063140416e+00
1.263709909928917163e+01
8.452429351706783223e+00
6.737251750249142468e+00
1.017729268549293131e+01
1.071029501563473119e+01
7.524844353254327878e+00
1.330214560832288129e+01
6.728694861578590647e+00
9.000067533405852416e+00
1.352829523645198329e+01
1.013326396200209345e+01
8.182942317151510991e+00
6.186527607113950111e+00
6.546350189528431507e+00
6.016544905187824810e+00
1.230771923791215805e+01
1.546923823936786846e+01
1.368182899031480382e+01
8.267046128753527512e+00
1.181518161306034997e+01
8.239677372206816841e+00
6.480348210722572944e+00
1.212252672374908080e+01
9.004993373058688633e+00
4.322438698242647703e+00
1.015471794394467686e+01
1.365629046372541033e+01
1.307564201788044933e+01
1.167151564487231852e+01
1.644812929331136431e+01
1.374207369150675184e+01
1.426173978588780322e+01
1.026675779092406415e+01
1.216996331458852687e+01
1.596411312955350148e+01
1.373882203299060834e+01
6.849944326063305944e+00
7.750839584658951509e+00
1.099913554200795396e+01
8.359656572096833216e+00
8.116937111246750547e+00
1.239087774992097479e+01
6.170926108138477417e+00
1.372242234782063974e+01
1.932936359348840938e+01
7.163740557492765504e+00
1.313621408908510269e+01
8.007538674053886751e+00
7.821127698583713261e+00
8.794618840314381458e+00
5.538712086860046568e+00
1.096853079367141248e+01
1.021855748162411359e+01
1.093663458268101252e+01
6.957819706940609805e+00
1.042392428277936567e+01
1.487208801544933756e+01
1.557630641236390723e+01
1.028823962922055024e+01
1.485827038589594018e+01
9.509999880262618888e+00
1.363690462654188096e+01
1.447721011596217977e+01
1.130203347303152839e+01
1.063282597064007895e+01
1.297165935706347462e+01
1.376369744707971776e+01
7.237767117026723263e+00
1.051283012476885048e+01
7.955479948195767648e+00
1.199910079331938206e+01
8.001770026300844663e+00
