# haloid,subhaloid,ra,dec,z,r200crit,m200crit,angulardistance,vdispmean,px,py,pz,vx,vy,vz,r200mean,m200mean
327019877000003,60032900000966,-91.389046,-3.5671134,0.06172359,0.9266457,16129.567,238.98983243,528.1856,495.5566,316.75385,488.57336,-139.98264,130.68898,152.28105,1.6271877,25044.852
503000195000002,61050300000567,45.71162,-72.01097,0.0484668,0.8953778,15256.432,190.563841709,540.965,30.370888,31.134838,366.05048,-333.66968,-278.71317,-393.55557,1.5808115,22963.871
311001694000002,61031300000535,109.00192,-16.175097,0.037395716,1.1840702,35283.137,148.94697485,692.0773,464.90326,101.91721,468.73462,-75.33579,-146.61443,165.0631,2.0191963,47856.215
296003841076681,59048100000000,164.27567,-13.7791395,0.094528556,1.259538,38576.098,352.561727268,748.809,239.15224,73.44056,433.5433,137.04305,145.5116,155.8281,2.1336777,56466.74
124000068000005,58012000000000,-143.36461,18.435053,0.117020845,1.0256045,19810.768,425.580900157,619.0909,239.9406,306.61346,108.02803,420.27417,-588.8345,182.09619,1.7570333,31531.793
118000046000003,60011600000189,-4.0283566,4.1564813,0.066993,0.9483293,17288.441,257.823982943,671.33203,193.6027,486.3657,14.104305,296.32257,46.221046,45.40817,1.534574,21007.684
92000050000690,59008900000000,-46.290413,46.742405,0.087705374,1.030041,21099.086,329.648839889,597.0131,121.86185,372.52158,187.421,56.295662,-19.565483,26.920534,1.7208226,29621.996
6000038000002,61000500000646,51.199825,50.79571,0.04848087,1.0846415,27120.326,190.61604297,703.1825,56.353844,70.08961,110.254364,-217.37837,169.8659,137.17204,1.8478343,36678.004
267001676011666,60027200000000,132.05618,-58.724022,0.061853528,1.1990341,34942.92,239.457064151,705.73706,436.77722,70.07771,344.62183,224.73193,-12.18091,-189.83801,2.0090075,47135.5
333009597000002,61033500000190,-173.94556,-41.137283,0.041398764,0.7725679,9800.557,164.120422434,463.84103,409.10147,490.35883,420.15457,-85.56601,-177.69011,-44.307835,1.3513132,14344.049
191000122000004,59019000000683,101.305336,10.344531,0.0947938,1.0937781,25262.168,353.445138584,662.5799,446.3486,268.3689,49.95571,-12.705325,23.462278,-10.3106985,1.8142534,34713.9
138000505000002,61013600000000,-159.93509,11.547896,0.051691055,0.8865775,14811.127,202.481076337,531.46924,357.5197,447.95853,30.99314,268.6955,-40.584415,187.06595,1.497221,19510.484
337000109000094,61033900000273,-89.24737,-75.78455,0.044712305,0.958251,18701.295,176.572189767,557.85895,0.43170592,467.13736,370.26398,55.50584,323.15143,77.65855,1.6809466,27610.9
319025649000053,59032100000000,89.76413,-1.3335655,0.084923625,1.0865643,24765.74,320.20277561,642.77484,1.0275338,249.5992,494.18945,71.41546,8.822688,-430.8819,1.8336186,35836.887
5000059000002,61000400000357,49.835186,35.056496,0.050996423,0.87936914,14452.75,199.921273283,529.7838,77.95091,92.35743,84.80219,263.42392,-199.71918,502.0094,1.5167783,20287.744
337000110000003,60033900000724,-90.28303,-74.55064,0.058482528,0.9635588,18134.38,227.289413929,587.28613,499.771,453.64084,332.25668,209.97041,155.56639,86.09935,1.5930436,23501.953
206000102000002,61020600000096,168.97943,27.251257,0.033488512,0.8686303,13931.192,133.997549554,636.26764,412.90286,16.962435,45.70322,110.74242,187.96786,-15.880969,1.4329468,17104.262
118000045000003,60011600000000,-6.178474,8.280769,0.068148494,1.0718666,24962.486,261.923028526,659.5774,197.11761,478.6611,28.8564,98.39362,97.15175,-149.12839,1.8189714,34984.836
35000044039485,60005700000000,49.720264,24.040617,0.07276118,1.0334483,22373.459,278.176355902,627.4664,122.37187,144.39946,84.432724,674.70734,213.14577,365.10126,1.8088001,34401.223
190004177000004,59018900000000,109.91115,4.1351647,0.102094054,1.4041283,53444.715,377.547249643,839.9143,398.55627,280.06494,21.53543,102.69366,78.96571,582.7747,2.368728,77258.83
76000028018295,60007300000652,-44.308075,29.84073,0.06375849,0.8420644,12103.674,246.290625515,518.62506,116.17087,386.60162,93.12736,347.52264,101.01959,-108.92378,1.4241022,16789.348
477004680000528,60047700000227,35.214436,-8.084873,0.07412231,0.950056,17382.77,282.939081785,583.5762,176.97548,124.90924,469.22928,62.07338,-71.26465,291.44882,1.5887159,23311.23
134007602005416,59013200000000,-143.03793,1.2153361,0.08094764,1.0798507,24309.594,306.594860681,612.00446,310.3306,357.2706,5.0358305,-119.793625,22.459232,167.87941,1.9631011,43977.32
198000095000003,60019700000354,103.716866,32.41251,0.070681095,0.9062189,15085.763,270.868625769,529.3854,457.93942,172.31894,112.62174,-227.88014,-217.98927,-52.973953,1.5574778,21961.72
12000053000004,59001100000938,49.527473,53.33576,0.076767325,1.089342,24956.979,292.151091137,672.05273,88.6406,103.88564,183.4518,-633.221,-112.31803,67.325806,1.7442825,30851.1
154000061000005,58015200000000,-131.73354,29.143257,0.11849952,1.3709145,47314.17,430.249830662,882.1144,296.64075,272.02332,170.33961,323.40323,263.00256,127.00561,2.1875312,60851.098
460000053000004,59046000000464,54.575153,-48.209785,0.07966268,0.93468505,15764.907,302.17005112,563.9627,89.565445,125.91514,327.1188,16.135494,30.425406,-318.18542,1.5375353,21129.123
128008176000136,58012600000970,-141.49873,8.832277,0.10459554,1.2398821,35003.168,385.71280157,826.6957,265.46973,313.4377,46.566273,104.71732,-522.4462,544.7236,1.9247811,41452.758
331001627000002,61033300000330,-125.7603,-4.010314,0.036530614,0.7830867,10207.044,145.648904468,466.6409,432.26443,405.94504,491.87402,488.78342,620.356,65.62533,1.4023832,16032.571
508000123000002,61050800000000,2.9121723,-14.723977,0.030846834,1.0227582,22738.033,123.811455846,618.1084,92.38259,4.6995773,475.69116,-498.0295,-378.34442,-271.43237,1.7849766,33061.094
300003562000003,60030300000178,146.39825,-20.828245,0.06709087,0.8891649,14249.894,258.171600618,543.1538,346.94162,101.698494,430.09067,-142.49893,-108.00154,-204.89273,1.6050359,24035.818
477004683000004,59047700001036,45.43191,-10.564121,0.081278205,0.7834557,9283.818,307.731034236,472.71518,163.81825,166.30687,456.4641,341.5213,10.300064,376.27603,1.3217899,13424.266
305000063032005,61030700000338,177.76836,-27.640467,0.04599929,0.98470783,20293.77,181.382280102,584.083,379.3274,4.702547,436.75735,243.7729,261.8401,-387.00073,1.6850322,27811.95
302000001000003,60030500000291,157.93803,-0.70539725,0.0565449,0.89406836,14487.09,220.251838692,546.4075,348.52933,61.388775,497.98773,-397.8249,-43.075592,265.6238,1.535832,21058.893
116000050000003,60011400000903,-30.694557,15.669789,0.05581343,0.9982752,20165.875,217.586759488,601.7063,137.16762,418.57346,44.74708,-239.71237,-204.7876,88.6907,1.714021,29272.053
114014934000003,60011300000213,-17.508007,29.856184,0.055601478,0.9834173,19278.797,216.813665312,580.79974,132.47516,458.2104,79.7356,86.28031,-172.52548,568.2354,1.695784,28347.363
308002278000002,61031000000799,95.849754,-38.815388,0.044451,0.7830148,10203.6875,175.59378051,474.35364,489.84616,99.1067,419.85498,-215.5762,313.39615,-147.63704,1.3732381,15053.66
334006411003054,61033900000535,-92.95015,-71.89063,0.045387506,1.0457702,24308.475,179.097566091,633.95526,497.81628,457.62677,370.25873,64.05813,244.24556,150.89911,1.8557218,37149.043
176003237000224,61017500000221,-93.81987,31.832325,0.039064646,0.81596327,11546.656,155.290473326,479.43015,493.33817,400.22443,62.079346,145.3441,130.53096,-168.13162,1.438293,17296.445
312000057000002,61031400000525,101.66012,-2.9771907,0.0522002,1.1340344,30996.465,204.354681406,641.8276,468.73206,151.51822,491.9537,-208.44234,-115.24519,-192.52992,1.9833028,45349.98
285006846019304,58035500000000,-123.62144,-28.976324,0.1125294,1.5374599,66737.65,411.301226292,1005.6882,341.25302,261.26047,341.23416,56.840523,-159.13943,-162.41562,2.465627,87133.055
313000079000003,60031500000390,93.00433,-25.569988,0.057611346,0.9565619,17742.094,224.129192856,582.04474,491.75705,157.05763,424.7483,-166.23572,-338.67465,243.1082,1.6242899,24911.709
394000069000002,61039500000000,-5.8217177,-12.462424,0.04676032,0.9052045,15764.735,184.21975781,573.6361,137.9302,485.93674,469.35846,-363.0658,-86.79475,74.68279,1.5864173,23209.932
104000023005764,58010200001208,-23.051504,-51.842533,0.12981462,0.9311646,14826.791,465.456682529,569.8483,212.70374,409.48688,205.79738,269.16525,384.3114,-486.20248,1.4981463,19546.29
302007333000003,60030500000174,166.25146,-1.6695546,0.059955716,1.004469,20543.617,232.618736386,619.607,335.25702,40.307877,495.05652,-582.96735,613.1595,-100.925446,1.7401285,30630.084
257000034000004,59026100000234,104.39098,-32.79435,0.08490503,1.0669613,23450.227,320.139426266,637.96014,447.6168,204.15253,364.20007,66.59309,-289.8385,-301.08008,1.7425067,30755.998
454000109000003,60045400000436,78.356476,-27.521677,0.0644083,1.0408715,22859.129,248.614683482,629.7878,34.791233,168.83844,410.17874,-558.673,-155.77492,382.97037,1.7458006,30930.54
453000138005002,60045400000797,55.986855,-36.870304,0.06791496,0.84213436,12106.428,261.095473891,514.6868,91.178154,135.1103,377.7499,-264.91965,-525.8695,-234.7247,1.5690236,22453.932
200016645001532,61031200000000,112.75225,-1.9232123,0.031611085,0.88394314,14679.533,126.764908992,551.6494,463.72125,86.50547,496.85013,-55.56654,-54.44994,145.2063,1.5300238,20820.748
62010362000002,61006100000000,89.29653,11.622261,0.04406786,1.0988429,28199.848,174.158090785,643.8435,1.5817355,128.82239,26.497599,-181.32906,-92.407166,-111.41361,2.0808403,52374.316
242000071000003,60024500000623,171.69528,68.52033,0.061987996,0.82156247,11240.693,239.940435028,498.32538,434.43085,9.571027,168.39618,120.04895,98.988304,253.67732,1.4956567,19449.55
34010484000003,60003300000000,45.844177,0.99868435,0.0724113,1.3064501,45201.605,276.949644276,809.45483,146.01831,150.38573,3.6539772,327.13623,191.81102,138.66925,2.107459,54410.805
341000117000004,59034300000000,-167.24657,65.54375,0.09668076,1.4507818,58950.855,359.714123821,863.6295,386.0482,474.20816,256.88873,-113.981476,85.34876,133.71312,2.399903,80349.445
202015315000364,61024900000542,148.74216,72.588135,0.04634571,0.923217,16724.367,182.674528205,585.03265,465.43716,20.979727,128.92482,-59.820282,147.28987,158.58891,1.5919647,23453.154
6000041000002,61000500001080,88.57978,51.72884,0.038578033,0.82573354,11966.227,153.443473688,507.17926,1.728149,69.70428,88.37947,-137.05174,377.67947,-100.30111,1.4612262,18136.705
439000171000002,61044000000171,-80.02973,-39.321957,0.03085959,0.869688,13980.68,123.860795455,508.83328,12.607765,428.28024,440.35132,-81.83691,135.48016,259.92075,1.5918022,23446.613
109000144053659,60010700000505,-7.63563,49.049534,0.0736928,1.1333264,29507.443,281.437818735,656.0614,139.24364,481.3328,161.89694,322.3864,-183.10483,64.47262,1.9989684,46432.258
460000054000004,59046000000568,52.15085,-42.88386,0.0816797,0.85258746,11965.194,309.109823255,514.6495,108.62409,139.78955,335.58466,-401.59503,-175.58444,-252.91675,1.4527339,17823.684
3000035000002,61000200000000,20.261559,6.2185516,0.044875503,0.8232972,11861.3125,177.182949141,521.4706,122.56956,45.24639,14.236397,22.167454,345.28098,-118.20279,1.3731132,15049.96
204000031000003,60020300001120,123.855484,42.252163,0.06132412,0.845391,12247.403,237.552524366,498.3668,429.35,105.31493,115.201584,-496.00003,426.77518,706.9044,1.450421,17737.36
311005477000496,61031500001026,102.59683,-22.614323,0.04856634,0.761202,9374.187,190.93310897,457.09412,471.52106,127.44054,445.6049,80.948006,295.2119,107.446556,1.4089872,16260.215
244004933000003,60024800001015,109.75625,52.26777,0.07416093,0.8374043,11903.398,283.073996239,497.28723,456.37622,121.460625,166.78633,-207.63235,371.09167,608.9078,1.4793365,18819.377
244004932000004,59024800000739,110.94029,54.372566,0.077215314,0.8685717,12650.535,293.705718222,494.44235,452.65173,123.731705,184.86136,64.221664,156.76674,-83.88541,1.5408984,21268.033
174000097000002,61017300000526,-158.08621,77.556694,0.052427292,0.87562966,14269.258,205.189634749,543.0364,468.86948,487.4769,152.06863,-149.69661,520.40625,-63.668633,1.5092337,19984.277
407000570000005,58040700000420,-20.252922,52.83884,0.12605584,1.22459,33723.715,453.862632518,717.57635,209.04076,422.86868,293.9637,483.86203,24.262913,-417.84048,1.9970865,46301.695
437005148000006,57043800000000,-177.08047,-3.3475087,0.14860332,1.6801844,82764.8,521.937298381,904.36707,72.81896,478.2139,474.98102,-328.65558,-222.3593,-49.840176,2.801057,127751.75
454000109022624,60045400000624,80.08196,-27.251223,0.06419206,0.9959397,20025.33,247.841689669,582.88434,29.0974,166.4112,412.98773,-16.792818,84.76566,274.68652,1.6413645,25706.783
392000081009634,59039400000001,-21.053158,-5.4123006,0.08692515,1.1003109,25718.918,327.005571069,465.185,235.67448,409.28207,476.07404,329.63126,307.4516,49.61057,1.8388788,36146.465
244004930037223,60024800000345,106.34572,54.58631,0.07433331,1.015172,21207.27,283.676037345,587.68207,464.71704,120.30192,176.32239,-639.22394,434.23773,-103.05173,1.7515525,31237.191
10000036004456,59000900000000,69.99217,71.91941,0.09072435,1.3864176,51447.906,339.831615348,820.06256,28.237652,77.54935,252.7921,215.65977,-44.16085,64.95616,2.2772949,68652.95
226000078000005,58022800000184,121.97314,30.874983,0.1040864,1.0931802,23990.375,384.054650957,666.37604,361.38623,222.06006,156.51196,-407.9381,-292.89172,100.653984,1.7603481,31710.121
164000038000168,60016200000285,-106.69623,33.841877,0.07528412,1.0627679,24332.83,286.992414294,636.6645,446.9561,323.15314,123.794945,291.1268,-119.80436,-122.85251,1.8222339,35174.695
425019679000004,59042500000000,-14.394185,78.75447,0.089410424,1.2005553,33406.562,335.408615921,735.2517,49.469982,487.30362,256.86746,-69.93927,457.72662,130.95422,1.9783847,45013.207
35006884000004,59003400000307,40.313667,26.236656,0.0841496,1.1524034,29545.914,317.563513606,682.2419,167.63513,142.23369,108.35206,-11.951746,218.03526,277.6608,1.9767343,44900.203
79000175003419,60007800000293,-87.6981,56.692795,0.053536773,1.048447,23361.838,209.262477152,630.3044,3.4875937,413.23834,132.15242,100.6242,-140.75023,-83.85203,1.7664621,32041.99
180023275000002,61017800000489,-141.68253,8.646577,0.05052471,1.0435833,24155.535,198.180565953,624.33234,382.15735,406.8751,22.840069,373.44952,-30.415535,153.83873,1.7858391,33107.742
114000127000003,60011200000400,-18.374216,31.728216,0.059691906,0.8348115,11793.493,231.665745758,490.24057,141.48866,453.0037,92.18104,-85.43814,141.55424,387.42844,1.4432184,17476.236
286006293000006,57029000000000,133.55327,-27.834253,0.13288593,1.5375063,63419.812,474.856266679,933.69727,263.879,248.3567,319.05988,50.39156,31.304182,-43.86279,2.3709111,77472.96
482023434000003,60048300000615,35.900986,-12.150293,0.064080715,0.88667434,14131.295,247.443511608,551.15625,148.91351,107.79931,460.42,-111.75318,365.52582,75.74543,1.4975202,19522.621
114000128000003,60011200000502,-15.763365,20.807148,0.06345439,0.80485046,10568.692,245.201790148,490.3693,169.16666,452.24747,66.79663,-197.93266,84.02997,362.23102,1.3728142,15040.406
71000076000003,60006800000377,-69.56106,15.436914,0.061198473,0.9146518,15510.755,237.100163346,543.27673,61.045353,336.19482,48.271996,-578.51373,-111.77509,116.33731,1.5486568,21590.865
122000096005789,59011900000323,-54.17297,17.821434,0.08001268,0.9090877,14504.819,303.376602366,389.25336,130.51445,319.21707,71.68048,-283.148,-369.6096,19.53944,1.6229934,24852.496
197000045000003,60019600000232,114.95601,27.423927,0.07484889,1.0278914,22014.48,285.475267386,681.63074,419.6518,172.65326,98.81235,-161.93987,399.3053,428.1596,1.6965008,28383.34
432014593000002,61043300000350,-57.247494,-37.442196,0.043135405,0.7839031,10239.663,170.658595692,464.0424,55.900036,413.10202,420.88138,-31.853754,218.02274,145.23898,1.422647,16738.482
301005098077943,60037300000598,-178.3936,-36.9487,0.052001357,0.7942285,10156.954,203.623225251,470.63712,369.7992,496.3486,402.0308,924.10516,-83.06755,267.7473,1.3349755,13830.323
366000086000004,59036800000104,-166.97102,-33.46423,0.088424206,0.89405304,13796.758,332.079885422,523.9576,291.1632,451.675,358.3138,-121.32519,-18.361843,-344.8029,1.5232,20543.531
394000070000102,61039500000143,-2.9724076,-13.71508,0.042209387,0.9030799,15653.538,167.17562504,565.21857,123.973625,493.56268,469.70316,-298.41745,-94.59145,-0.6877583,1.5453435,21452.643
200000071000002,61019900000470,103.70776,16.211071,0.036185622,0.94431174,17897.443,144.331789755,578.25977,475.1787,101.76109,30.45305,-111.036476,-300.06586,204.70456,1.7175233,29452.361
392000079000004,59039300000000,-26.39119,-4.064985,0.09169543,1.2351952,36382.543,343.091852146,719.11566,237.52919,382.135,481.15564,517.33514,270.9634,-75.98615,2.0288274,48544.824
205000105000054,61020500000229,163.17044,25.523983,0.048542976,0.96106154,18866.715,190.846442443,597.0341,377.73782,36.981964,60.991135,74.245674,490.51575,299.64682,1.6847732,27799.125
99000085000004,59009600000000,-46.060287,34.26539,0.077447414,1.1826429,31933.463,294.51052135,725.91003,133.63844,361.32162,131.20561,-409.7216,420.09738,31.358715,2.087836,52905.258
311001696000002,61031300001282,109.50266,-16.571453,0.03891039,0.8533613,13208.585,154.70520577,571.75006,461.72635,108.06548,465.88562,461.12366,-243.12607,249.19583,1.4410566,17396.023
267001677000198,60027200000242,133.84807,-58.36487,0.06019163,1.1544796,31190.8,233.470455721,721.4202,437.05386,65.52949,352.50482,136.29144,17.744253,-562.8191,1.9703462,44466.086
103000102000720,58010000000000,-156.70358,31.3866,0.12551796,1.2663189,37289.758,452.195329916,754.5567,210.07947,375.16202,192.57567,253.73943,435.60718,106.01941,2.092917,53291.348
76000031000003,60007300000783,-39.1308,25.527178,0.056651592,0.88129747,13875.077,220.640183796,563.9168,116.5925,405.14374,71.779236,-108.06494,-52.512497,287.01575,1.4826542,18947.1
25005415000004,59002500000000,167.87456,8.441582,0.09142709,0.9930179,18904.152,342.191680509,603.4956,235.149,56.902122,40.20315,560.499,92.72637,232.96687,1.6156408,24515.549
448000100000004,59044800000000,87.11918,-6.058064,0.08239019,1.7493207,103345.336,311.546587624,1042.1189,12.17147,241.87042,474.29807,-80.87134,-91.62097,22.798628,2.8711832,137589.4
375015327000004,59037800000678,-25.025936,-2.467575,0.09579635,0.897213,13944.016,356.779290607,519.65515,251.37573,382.643,488.04483,392.30356,49.070393,-306.50262,1.5851868,23155.54
336000727002605,60043200000000,-88.84239,-55.305,0.06383383,0.9242516,16004.944,246.56026182,516.5643,2.2001133,391.1204,342.69647,145.86926,356.53943,95.31786,1.6638083,26775.031
177000068000002,61017500000000,-138.16336,69.280205,0.040628195,0.85146314,13120.109,161.210751425,514.6675,467.88913,471.2526,113.93906,198.40237,139.74916,-78.12122,1.5277009,20727.54